c 5309
2160
11830
14464
3531
9097
9758
3148
12093
12791
9364
10085
423
192
849
8288
6141
13452
1244
2610
913
8352
4208
8977
32
4607
2455
11460
12117
7941
7348
8848
8545
8099
6354
560
9964
959
1548
13916
13613
9772
7278
6553
449
7669
8410
10808
14578
5517
12346
5995
74
9549
9980
2226
10154
155
1167
1569
14435
107
8114
6147
3650
1021
7730
4316
108
7494
8903
3478
482
1651
7788
7071
9390
8665
1923
8274
3931
6234
1493
9956
505
11192
10249
506
5691
7779
3584
13235
9059
9362
7760
1640
4692
14183
14486
516
11761
9689
8366
6764
8095
14252
13373
3566
559
4657
577
2729
774
9231
7102
8219
14298
6010
8098
653
1650
2726
4049
12145
8750
654
7455
2498
7317
7438
6329
14075
2249
13638
10855
4687
671
14123
3812
6178
672
997
8970
7813
13146
13355
3701
6946
1549
10873
1211
1002
6660
11490
11123
12749
7720
4955
9402
1003
14606
8008
10590
9441
1025
7501
7932
14083
3485
13111
11510
9031
2433
9374
1086
1719
772
10566
7329
9992
1145
1169
10144
9265
6293
1249
12657
1270
3874
1520
1601
9142
1560
9858
2909
1570
8328
1614
7205
8554
1627
2192
7643
841
8216
5049
1630
7067
5736
11083
1720
2732
5572
9652
9733
1765
12801
12720
6006
8544
1830
12828
5935
8509
8876
1919
2158
8557
8860
1967
8616
8761
11483
3195
11612
11821
10447
2159
4559
8639
1917
2296
10264
7610
6667
11855
4606
7743
5735
13140
9911
8964
2374
4807
5157
2506
3692
14115
6019
2576
2577
8456
3693
3484
2671
1916
9389
10204
12570
2775
11422
2776
6425
6792
2797
8821
8676
6187
725
11255
11844
2839
7732
5334
7079
9103
11163
2875
3242
9155
7503
8958
12579
13906
3088
8563
9954
13768
13102
13913
3103
9961
3104
8845
12050
4082
8966
9905
3191
3228
6686
8073
3304
7193
8072
12525
4109
5052
10771
11650
972
93
3362
7140
5630
10831
1454
7574
4711
12999
3398
2289
9988
13221
11053
3439
3440
8990
9865
13800
6331
6601
11573
11940
4122
3477
11093
10436
3479
9069
8348
13245
5631
5472
13905
13760
9953
3480
9804
9215
2050
3557
11525
7876
3611
7851
6618
5908
3558
6761
8640
3637
2263
7832
3656
1019
5808
5377
13338
2357
4748
3657
3669
3524
10391
14207
4780
6111
3688
923
9019
7928
7497
3752
13471
12652
3801
3826
11253
7224
5850
3840
3873
13932
13215
4927
3875
10599
9878
3156
3877
2503
8511
8525
8956
8007
166
3895
1489
3240
3897
9962
8093
3917
19
10845
4821
3930
12875
3944
8540
8749
9423
12925
12780
4364
5311
4050
5424
7542
14337
6426
8919
9269
4418
4060
10944
2656
4091
9230
8633
3708
3055
5445
4092
13907
7325
6458
4161
7286
4162
11247
10973
8243
4163
4294
5999
7527
4758
10627
4363
7117
4387
5714
11189
13882
4459
7874
6483
13213
4497
5222
12960
6649
8628
8709
741
4548
4693
6556
6765
14652
2749
10572
4556
7970
11167
4569
6665
13387
11363
4641
5600
5745
14033
4685
4604
14339
9093
7690
12516
5077
10153
9432
4686
6758
8081
14407
4737
7121
7846
327
5774
13145
5379
4786
8129
2566
11535
4798
4799
13437
9261
3876
8052
7923
4805
9092
8213
12096
4851
1490
7984
10743
11332
7220
14520
4858
4883
6955
469
8932
4884
14539
4894
5769
7632
6966
8419
10822
4901
4945
4288
8391
9556
8006
6897
8568
11499
4946
12296
4985
5000
5020
9633
8246
1648
5051
11657
5069
9232
5438
5080
25
9550
8441
9297
8486
5121
11570
8365
5893
5300
58
10091
8346
12362
5453
5884
14514
5460
5669
12102
6303
7532
14399
10158
8921
7403
10410
12091
3995
14586
6736
8983
5477
11582
4241
5478
5479
6806
13093
2630
9655
4834
5491
5504
11817
8395
7656
7801
9681
8358
5505
14111
7657
5506
14429
13602
5515
8425
13614
12377
5518
5539
11105
5540
1605
5541
5844
13940
9764
11462
7916
7549
3234
2867
11155
7186
5553
6651
12814
8798
5591
6604
9977
9038
5592
6605
13187
2198
5593
4270
5620
12186
10347
10178
8275
12291
6652
1769
5721
6901
5809
8764
7170
4541
12876
13936
5840
4150
8895
7080
5851
5864
9513
9816
6930
8287
9516
14310
5894
7968
3952
4835
13433
14312
5896
7969
451
9874
8547
3072
5897
8652
8797
3970
12732
5898
8624
8705
12640
5926
745
10206
5934
5936
6899
9088
5964
8703
9292
5997
11563
10842
14293
6005
10637
9234
1911
6023
6029
6674
14126
2079
6030
7887
3169
12080
6056
5336
4670
6057
1160
6110
1153
278
8694
6112
5233
13521
12710
6113
8699
8316
7746
5117
6151
12203
8760
6186
6191
2413
12207
10812
6589
9736
13912
11808
7585
6198
4062
6199
6054
6216
11209
6217
6275
11751
6276
6933
9663
8204
7452
6287
1428
8359
14384
8914
9635
7009
6288
8784
6290
9519
13695
10990
8838
11543
13014
6292
11099
11466
9768
3178
13944
7354
9091
6294
7524
6295
3508
10380
6364
5682
7085
14460
2189
9714
6365
6368
12599
4410
12698
13931
8522
7365
3374
2137
7550
6377
6784
6417
10864
8489
7533
7836
2
59
11624
8347
7335
6452
9073
8416
6471
6572
7391
11311
1271
9239
262
8678
7719
6590
641
1814
14246
7982
6600
6613
811
11312
12707
3216
6619
6630
14598
13181
12524
4108
9005
8284
6643
9280
7236
6647
10052
8951
12297
13240
6650
11931
6653
2337
6656
10163
11747
12400
8224
6658
4640
12928
6664
6075
6689
6480
9106
9315
11358
10697
14777
6728
688
8673
12625
6752
10721
11382
6759
4608
12211
14139
6760
9567
8236
6766
13821
14402
9948
11669
7924
7493
4353
11278
6505
6808
8662
4763
12859
13738
6851
1057
7912
7545
6852
6886
2092
3423
8894
7439
7006
9544
10491
1721
5833
7030
2854
7031
13318
7044
7384
8105
9738
7045
8222
5640
7099
5822
2993
3590
12006
8567
7766
7105
7124
8700
7134
11865
11054
7191
3034
3243
7195
10623
7196
7587
48
8336
3188
2535
11476
7204
7265
9682
8457
11948
11581
11231
13303
13892
7302
12787
8033
7312
12123
8744
7947
6330
7318
13908
2484
6500
7319
5260
5917
7412
8992
17
6281
7454
14027
8429
11634
956
7458
9650
8707
7482
7890
6563
2547
12763
5866
14468
6180
7511
11173
12990
6188
7519
12133
6423
7918
9388
8671
13340
12687
7523
8272
4838
7543
8790
11999
8293
9108
820
7594
12820
7617
7618
7625
6238
38
1361
9824
11706
10763
1912
7626
9698
8819
3597
12013
9074
7628
4898
12663
7686
7089
8583
9236
8373
7711
9826
11165
7754
9157
7758
3742
11177
3809
11696
11777
7616
7761
6950
14487
7765
7782
7057
7783
11959
1265
326
2478
13164
13983
6940
7823
7827
2546
10514
8490
7831
7012
14421
2053
5057
5718
13356
12639
3694
7870
8948
11952
3553
2166
7872
7886
4886
5761
13302
9126
11319
1649
7913
7917
2956
9538
10493
7919
6860
13442
13075
8661
7920
7489
8270
9721
2966
8532
9415
8741
12548
7921
6982
9049
8392
5854
13950
4423
7926
3757
10479
7933
1685
6938
8407
7942
6833
9492
7978
9528
14759
8037
8049
7392
13623
9543
8053
7396
12731
7400
8057
8259
4147
12170
8058
8059
6378
8069
8714
8110
63
8113
6662
8118
242
8210
8214
9601
8277
9156
868
14446
5903
2580
9665
8278
9168
8353
9526
13184
12531
10194
8355
9695
8364
9021
1407
8393
9566
105
7931
13582
8423
1492
13604
12375
13397
14276
1029
8450
13834
8491
8496
7326
14761
8497
8076
7197
8498
9437
14610
8570
298
8586
7854
8607
1683
9779
8610
8617
9278
8629
3146
12741
8643
3247
2364
356
1175
8644
1790
2367
10021
8647
9300
8666
13851
3718
8695
9284
3211
280
8696
8777
2352
8715
8716
381
10119
8724
7601
8807
14577
4791
8808
8810
6661
8813
2103
8817
12930
4642
8818
8822
10767
1390
9678
11750
8823
7510
4647
12935
4249
5486
10847
1470
6321
12919
2241
551
3414
8839
8846
1920
8891
8929
6315
8949
13125
8356
9013
7706
9046
11303
13062
8289
9104
9233
12598
14288
13473
6000
9116
831
7342
9119
1337
3035
11498
11131
5880
9123
9426
7824
14640
9170
9186
9331
9229
9090
9235
3217
10120
9241
7652
7797
9259
9277
10156
8927
7981
6607
14703
5252
12631
13348
8679
9332
958
11359
13262
9351
9352
4837
9367
11091
9370
9376
9392
9985
6793
2681
9403
8369
9478
9856
9489
12350
14040
78
9864
9497
47
9500
9503
7368
9504
5793
5584
9167
9517
9820
9522
11228
14589
13716
9540
9569
7378
7075
9837
9628
8043
6298
9653
65
9654
11809
4195
9737
9656
13769
12382
9657
8206
9660
13772
13917
12991
14092
9670
1385
9673
8286
9674
4619
9683
6903
9686
9753
13118
8399
9773
9776
9801
9720
1304
9802
7109
5690
2997
13978
12651
11954
252
9803
8698
9664
9809
9815
5076
7199
9817
11744
11889
9822
13838
13241
7675
13632
2291
9825
14045
9869
9873
9875
9684
9893
14070
9894
9169
2383
14078
9902
9177
9914
9949
11315
8253
9132
9951
4233
7478
6305
9955
9960
9979
11080
2233
6345
7518
14441
3327
9986
14748
8370
9987
7324
9396
9989
5316
12695
4046
5420
12142
10905
8881
9990
3393
9991
10032
10034
9257
10072
4579
10121
8734
10218
9599
13615
7671
2917
10292
10299
3736
10334
10406
10039
10451
4066
9488
2020
9429
10506
10542
10562
1932
12619
10595
2813
10636
3739
10666
4972
11481
13887
10670
9000
10698
11867
13402
13099
10709
4139
10724
10829
10748
1970
10859
10916
2453
3450
10923
10040
10928
10497
10978
11001
11038
11066
3036
11132
11141
11148
7132
9154
9299
7676
13315
5813
11162
11205
1532
11267
12216
11273
370
11277
11279
2355
989
9946
11320
11331
11361
9162
874
13547
14712
11395
12560
12053
11396
13087
11406
8176
7233
3121
11409
11415
6954
11226
11435
8504
11438
9780
9127
11478
7214
8991
11486
9912
6971
7338
11553
13251
14557
4755
11562
14569
11566
10329
7488
8435
11568
11645
12012
13732
12503
11805
11660
11787
10682
11924
1238
4285
7426
13132
6373
3012
11927
11928
11625
11950
1813
8535
9252
11974
11134
12009
1786
331
12041
11448
4411
2155
12090
12171
8728
12304
4885
4228
12324
1727
8317
12333
14031
12349
14047
4888
12361
13304
12364
8374
5425
12390
13713
6696
5979
12394
3935
2604
12398
8382
12401
12685
1691
7096
13899
12794
12811
8056
12927
4831
12756
12965
13090
11789
11708
882
7107
1616
13115
7784
6557
5218
13139
13506
13196
4349
7490
13254
6677
13257
4969
3579
9742
9145
1929
10025
9304
6009
13320
8559
13324
13400
7736
5338
13434
5232
13520
13715
870
9632
13808
6283
5400
13816
13839
8086
13861
13968
7155
182
9537
9968
13984
4198
13990
14019
830
9118
14073
13134
14143
13015
14244
7781
7572
14294
14358
14423
7701
7556
10275
8909
6355
14451
14478
14501
14609
14691
1622
14711
14722
77
2275
187
2353
2720
9294
8697
281
13470
4470
13313
10080
294
304
7331
7122
333
1886
713
5902
925
10579
13242
13323
9066
970
1109
1243
9339
8859
1450
1531
1780
10390
1991
1992
5353
4478
1993
2047
8850
9571
6945
2048
2083
11084
2237
2480
5957
2543
2544
2619
7674
6731
10605
2620
6732
9676
9821
3091
3278
4959
11374
5832
5465
3457
2070
10486
3461
12298
13678
3884
2655
5582
5527
4196
8268
9727
4252
4362
8712
12219
744
4489
4499
11408
4515
4618
12165
10348
4782
4783
14236
9405
4968
4989
4332
7327
5319
5458
5471
12185
7007
5652
5757
5868
13247
5872
6026
4123
6055
6348
12551
6977
6384
2475
6427
7818
11393
6566
5687
7377
6663
13296
9120
8241
6666
2437
13322
9306
9003
6884
6517
10712
12094
6905
6972
7040
7046
7069
7086
9805
9724
7106
7144
6265
3274
7147
7082
7227
12648
8092
7277
7299
7323
6963
7330
7332
7989
2558
13903
9887
9068
7385
6574
7437
7447
7464
3453
11788
7119
7469
1933
2578
7475
7476
14532
7575
11190
3649
7584
14449
7590
7603
6957
7631
3605
3460
7845
7636
7637
7653
251
7785
7786
7787
6554
9397
770
3773
10495
14511
7789
8543
7790
7793
7648
12476
13069
7794
7795
7441
7808
9271
11174
3552
7809
6934
7829
7830
7865
6926
9256
11978
7866
6411
13432
9387
9178
7925
890
10349
7935
6988
8883
7936
7937
7344
7938
10338
9629
7939
7356
7949
8041
8048
13766
7189
8068
8071
8074
13042
8077
8082
8084
7376
8097
6710
6748
8143
7844
7477
8218
8220
9615
7474
14063
9100
8221
11980
8226
11613
12403
8227
8237
8264
8326
8367
8371
3705
8379
11528
7810
8380
12399
8383
8387
8389
7498
8421
8424
8438
8453
8884
485
7203
6994
8464
8832
8465
8495
7126
5287
8516
697
8520
612
1943
8533
4582
13489
3719
11815
9409
8534
12552
8536
291
1618
8579
7349
8602
8638
8670
9843
8674
8681
8769
8688
8689
9286
8690
13527
12853
4757
8773
8692
13020
4732
8701
12912
8736
10065
8742
8820
14538
8824
7371
4649
8680
8825
8826
9706
8827
8828
5231
12845
8684
8829
8830
10217
12847
1085
8831
1879
8836
13018
14392
9499
8842
420
8853
12870
8854
3527
8908
8541
8925
5320
5977
11551
12942
8926
7859
8960
5737
13150
14025
8974
13151
11470
8975
7223
8982
9857
9418
9051
13274
13483
9243
9098
9107
164
1495
9109
2388
9110
9828
9111
5390
1374
9112
9117
9812
9509
9159
3222
14204
13039
9245
8585
9246
600
12665
6416
11981
9251
5239
9255
11969
9262
8537
9268
11990
4481
13558
8657
9382
9383
8500
2427
10041
9384
13411
13202
2384
9395
2886
9399
8452
9401
9404
9043
9410
9411
9414
9447
9808
9505
14349
9506
9508
8279
9175
9525
9541
9548
9693
9694
9697
9704
9705
9707
10360
9708
6965
7639
9754
9827
9831
9833
9844
1749
9845
4192
13862
12480
9846
9861
6922
9933
13915
442
9963
11128
9969
9030
4403
7133
12691
2957
1554
9970
9971
10063
14112
10096
13440
8758
10145
10190
14431
665
1903
10191
10237
9563
10280
10373
10397
9570
10439
11813
10522
10607
10734
10797
3183
10821
2595
3410
10883
10545
10912
3174
10929
4070
10969
4947
14749
13410
11004
3623
11028
7655
11029
5374
11087
11118
11929
12001
11126
11147
11574
11216
7767
6948
11220
11249
9094
11287
14607
14030
11308
4451
12739
11344
11355
8488
12077
11356
11385
8530
9763
11469
6928
14620
7215
11487
4698
4053
5419
11492
12149
8140
4386
12674
11501
8562
11502
13183
11912
11545
7602
11618
8349
11676
8290
11677
7094
3729
11680
8582
11799
10523
11914
5907
11964
114
12002
8843
12056
9690
12088
8875
12174
8177
12292
12335
12583
6915
12621
12637
12661
7986
12668
12764
4476
4037
12874
742
8710
6164
14273
12886
12970
12976
12996
4708
9782
8400
7651
13073
4992
13088
13098
13108
13159
13199
13852
13272
13630
5549
5852
13295
13363
10109
4463
13404
13496
13498
13518
13606
13248
4960
13757
13924
13977
13068
14015
7336
14058
14061
14128
12975
14140
6094
14190
5373
13341
14220
6514
13325
14268
14364
2266
13813
10362
6282
7963
14378
14395
14425
6356
7077
14452
14459
14465
7670
14510
14515
14544
1507
10139
1851
14601
14602
14629
4330
14649
6596
14692
7374
863
14745
5970
6861
12419
115
13960
158
159
1388
8034
508
5090
13523
850
1095
9422
1134
6637
10956
10589
1154
12052
10887
193
1366
8683
11384
1722
13658
2165
6789
2677
2734
2737
2781
1954
2924
2992
3113
3497
3546
6927
9406
3628
3655
3678
1064
3786
3805
930
1075
3921
6678
3953
4159
4232
4889
4331
4345
13192
4385
14188
4671
7622
4695
5924
4810
5467
389
11354
4836
7877
9034
4922
13370
5274
5378
5380
5383
5568
4902
5885
6978
5937
5946
2741
12395
5998
6091
6744
14729
6135
7548
6383
13426
6413
6414
7353
978
6448
9296
6499
7826
6504
9015
7190
6529
6570
7739
14690
13469
6594
7554
6675
6687
9582
7980
6751
6780
6782
6783
6788
6794
6799
7964
6800
6497
10147
8402
6803
6812
13564
6834
6921
6929
6947
7623
6949
6953
7775
6956
3047
3700
11988
11685
6999
7061
7895
7076
13682
7100
7103
7108
7171
7182
7222
6864
6561
7226
7231
942
7355
12776
7369
7382
7481
7485
7852
14444
7487
7495
7506
7507
7884
7517
7551
4317
7586
6196
7591
4822
7600
7681
14513
7654
3629
7660
7805
7807
7828
7842
9431
7962
8238
7967
7972
7973
12151
8422
7975
5569
8100
7221
10534
3936
8112
8126
8207
8128
6438
8262
9713
8135
10251
12218
8138
11611
8232
9510
8273
8312
11755
218
1963
8314
8394
10075
9125
8404
1511
8405
8411
11688
1471
8428
18
10051
8434
457
8553
8625
7386
7083
8693
14281
8718
2201
11726
8719
7971
8720
8721
8576
8862
8863
1427
8866
8870
8898
11949
9010
9164
8285
9221
1259
2424
9227
9146
899
7696
9298
9303
533
9428
6464
9459
9460
10053
9487
9565
9604
9749
9614
8244
9639
6371
9680
9337
10216
10289
10313
10350
11673
3041
11009
10416
4051
10466
10476
11938
10547
11439
10556
10571
2496
10592
10650
10672
10778
10865
11539
10882
1885
9819
11048
11049
11098
3214
11310
11341
9179
11577
11944
11002
11595
11664
11682
8413
11710
11714
11718
8791
11742
139
11849
4944
11875
1245
11923
2288
11958
11965
1103
5279
11993
11998
11585
12016
1799
12023
178
12028
12037
12116
12198
8247
12344
12379
12456
13113
12508
12646
12688
14255
12860
12868
12909
4412
12954
4666
12987
13103
13105
12436
13157
13208
13219
13522
13230
13273
10559
3180
13334
13357
14172
3054
13535
13557
5514
13610
5434
13722
4932
5879
13847
13980
6118
6263
14086
12977
14561
11579
104
154
221
2611
10899
10023
532
763
9274
875
1285
9725
1676
1309
762
1355
9917
1356
10370
1373
1692
1389
10488
1419
2106
9666
8787
2205
2438
10548
2452
1639
2454
2458
8248
11691
2682
2690
3347
10786
9420
2786
10574
11513
3097
4068
3189
3321
12442
14187
3509
3523
4176
3544
3581
9723
3598
12798
3663
9430
3732
11241
3806
3868
4064
3137
4080
4100
4143
4578
11297
12112
4707
4713
4756
4808
4903
4928
5047
13161
12440
5065
5105
14153
5144
5145
5191
5221
5305
5323
5442
5443
4850
12818
5457
4134
5476
5523
5614
5974
8208
7459
6093
6140
6352
7073
6375
6392
6402
14735
6447
6669
12795
8121
6670
6671
9662
6797
6865
8102
4151
6869
13490
6908
6910
9551
6916
7863
6917
6919
6959
6960
14002
6989
7066
7091
7462
7104
7461
7111
7114
7213
8028
7244
7334
7339
7345
7357
7379
7388
8109
7416
8009
7466
10101
7467
7496
7502
7512
7516
7520
7562
6683
7593
6206
7650
6771
12427
7753
7672
7678
7684
7095
13395
13250
7837
14575
7853
7857
6918
13431
7861
7862
4359
7869
7891
12866
7965
7983
7990
6817
7991
5585
4779
7992
8027
4648
8115
10256
8141
8148
7333
1358
9096
8217
8233
6773
8235
10074
9204
8261
8266
8267
10234
8280
9001
96
8384
8440
8479
8503
4044
8578
8723
8729
7058
8737
1299
8738
8837
8861
1263
8877
8878
8879
8943
534
8950
8959
9026
9149
9150
11864
9163
8361
9534
9176
9188
303
9244
9258
3562
9273
9279
9295
9301
10180
361
9310
1944
9417
8542
1621
9572
1491
9587
9638
8401
926
9897
9688
9715
9718
8260
9719
9722
9726
1766
9734
9137
3158
2497
9095
9748
9778
9862
9863
9916
10064
10095
10104
10228
9285
3687
10277
11096
10281
10303
13017
10407
10459
10555
11946
10654
10730
11899
9288
10747
10791
8385
2404
10837
11077
11106
3011
11410
11107
11557
11207
11252
11262
11380
11405
11546
5027
11617
11695
11704
11760
11767
10308
11906
12008
12047
12054
12067
12128
12152
8939
12236
12330
12460
13117
12489
12493
12576
7110
12676
12725
12740
12753
12807
12867
12933
6001
12966
5375
12989
13049
13120
3827
7367
6484
13206
13225
6531
1040
13261
13361
7700
7047
13398
13401
13505
13541
12414
13801
13803
13840
13078
13953
5060
13975
14016
4563
14050
6776
6123
14091
6125
14093
13444
14101
12490
14171
14173
13516
6786
14238
5984
14272
14302
14469
14570
14588
289
10196
743
2118
3262
3621
3720
10817
4022
4674
13013
12122
4725
4224
4881
13961
5464
6573
7059
7210
4402
7341
14582
7553
7960
4747
8108
7229
8136
7257
8660
9573
8337
9574
9712
9793
9926
10443
9769
10473
10782
12169
10931
3197
12044
10943
11520
4275
11569
11668
11877
2967
11972
6769
12343
12557
12988
12567
4861
12684
13079
13311
7530
14120
27
1930
8329
9502
41
856
9148
8205
237
243
8677
261
263
3766
292
3014
322
8656
8865
10038
368
8880
481
1142
519
547
1362
611
10214
689
693
7994
700
833
865
929
1590
1234
931
986
1078
1151
9248
1152
1809
1331
1344
1350
8276
1383
1512
1642
10502
1655
11522
1791
1947
2664
8362
10043
2027
2680
2033
3187
2977
3638
4105
4324
4981
4325
4752
5683
5805
7491
6898
9421
1714
10492
10553
938
9371
10600
1913
10683
9224
10787
8397
11602
5904
10830
11387
11242
11429
4762
12213
12788
5571
12946
13021
13064
13189
7664
13319
13693
4929
14006
14668
141
3346
832
1525
1763
2034
4321
4537
6456
6680
6681
7394
8137
9880
9577
10262
10364
10836
11194
11529
11784
11955
12099
12166
12986
13038
11647
5499
13787
14108
14178
140
179
10490
265
402
9890
403
484
518
1969
8569
520
4027
608
666
13517
784
7811
840
3835
889
918
939
3640
9338
995
1062
337
1065
9275
1179
1207
1220
1221
1222
2903
1232
1307
1370
1415
1448
1458
1528
1615
9553
8230
1632
1764
9089
9750
1782
1925
1926
2031
2236
2316
2609
2464
9210
9291
2488
2530
2600
9225
2635
2719
2757
3015
3365
3218
10132
9317
3542
3599
13392
10691
3730
3212
3869
4160
4235
4631
5011
5606
6775
5667
5753
5775
4892
13871
5843
6107
6457
6192
6193
7072
6326
12512
6455
6459
7850
6461
6515
6527
13828
13239
7238
6641
14744
6857
6888
6521
14267
6902
5447
6995
7362
7774
7113
7306
6939
7380
8101
7397
14375
7444
7522
7679
6220
7685
7552
7697
7698
12411
7737
7740
7087
7817
7821
7822
7838
7839
12409
13288
7867
7996
8003
8067
8106
9717
4664
8107
12681
8139
9128
8249
8256
8257
8258
8269
8501
8505
8872
410
1643
8506
8928
8561
8595
367
8655
9308
7056
8658
3056
11702
8711
759
8727
1839
8732
14542
8748
8802
8978
9004
885
14635
9173
793
9806
9209
9220
9293
9425
11831
9427
9859
11227
9896
10030
10188
9309
10195
10298
13749
1545
10315
10339
10404
11735
10454
2552
10520
10565
10744
10751
11340
10913
12086
10942
5391
11317
10967
10999
11045
5795
11152
11214
11351
9158
11496
12024
11593
11658
11854
11857
11046
3168
12113
8722
12173
12415
12270
12380
13101
12502
12542
12596
12664
5858
12755
12929
7627
13193
13449
13706
13819
13837
14118
14195
14235
14262
7791
14381
14398
14463
4740
14534
1013
13368
14763
344
3275
444
567
839
14645
1050
1500
9883
1595
1652
1823
1865
1955
1956
2069
2188
2363
2489
2575
2396
2605
2780
1074
12271
2962
2963
3239
9848
3258
3455
3609
3619
4135
4183
8134
4271
5436
4300
4313
4314
6712
4650
4651
4682
4739
4745
5918
4766
12863
4767
4877
5240
6635
5249
5251
5254
6935
5261
5268
5292
5303
5307
5310
5321
5331
5509
5776
7207
5825
5955
6007
6020
11692
6126
6221
6360
7081
6410
6432
7998
6616
6777
6785
6790
5399
6791
6795
5912
6798
6801
6891
6892
6904
12546
6911
6912
6920
6925
6937
6941
4545
6951
12650
6952
6991
7033
7060
7062
7063
7219
7074
7078
7208
7225
7228
7230
8691
7232
7234
8645
7242
7363
7366
7370
8061
7404
7405
7406
7425
7463
7484
7128
7486
7499
6906
13058
7500
7589
7640
7641
8437
7642
7658
6779
7659
7560
7705
7715
7744
9203
7748
7803
7959
4230
7985
7328
8010
8017
8117
8132
8179
8183
2646
8212
9943
9124
8245
9647
8252
8265
9208
8296
8299
8398
6815
9646
8409
8412
8546
8852
8549
9882
8555
8575
8634
8713
8752
8753
8772
8890
8937
10110
8368
8961
9002
9007
9025
9122
9136
9141
9283
9341
9472
8834
9491
9495
9557
9559
9612
9702
9703
9716
9796
9321
10136
10197
10232
10257
2553
10521
10669
562
4013
10735
10814
10850
9398
11015
11035
11138
11188
11197
9730
8283
11560
11699
11823
11945
11983
10418
12035
12075
11516
12109
12132
12143
3891
12179
12215
12217
2429
10764
12223
4344
12312
12334
12397
12454
12464
13962
12571
4772
12693
12706
12760
13698
12819
12880
12951
13080
5013
13109
13133
13285
13351
6796
6429
13378
13394
13420
13439
5059
3664
13458
13566
12455
13620
4878
5817
14587
13640
13647
13785
13850
13859
13888
13923
13987
13996
14032
14051
14216
2634
14277
14295
10126
14367
5634
7101
14412
6207
14495
14521
14619
14633
14642
14707
14732
330
335
678
778
1300
1617
1931
2770
2771
2772
3013
13898
3413
3561
3572
11665
10342
3744
4574
4665
7387
4668
4915
13935
4956
5248
6568
5339
6713
4419
5874
7645
5939
6420
6900
7051
7054
7112
7202
7285
6462
7337
7473
4774
7479
6297
7534
7634
7635
7638
5940
4775
6530
7699
7709
14699
7738
7796
8094
9045
8388
8851
8871
8988
9140
3834
9400
9412
9467
3331
2738
10061
9468
9605
9855
8953
10062
10653
9314
5722
11125
11869
11891
11918
11962
3683
11971
12032
12120
12449
12750
12918
13310
13475
13637
13919
14039
14285
14417
14738
95
8142
325
486
796
2954
4146
4634
4683
5403
4746
5116
5308
5328
5732
5812
6033
6268
6816
7383
7460
6086
7515
7673
7680
8492
9311
7833
7864
6314
7995
8111
12199
8406
9129
8408
8415
8574
8664
8873
9547
8954
12104
8955
9020
9247
9578
9834
9941
8740
10071
10260
10377
10426
10505
10962
11594
4293
11947
3706
11994
12042
12045
12148
12256
12301
12773
12926
13123
13158
13201
14275
2624
14323
14353
14512
5762
14540
14641
2139
1320
5346
8342
8436
9029
9312
3142
9732
10582
9767
9786
11114
11240
12936
14211
464
473
1034
1364
1633
1706
2156
2675
2986
3303
5220
7115
5720
5958
8047
9018
9201
9442
9669
9770
9879
8945
10054
10472
10508
11455
53
1751
54
64
73
173
433
470
2868
471
472
490
1659
497
503
6606
812
912
943
944
951
1044
1359
1460
1479
814
1625
1480
1841
2733
1842
2568
1979
1980
1994
1995
2046
2138
2238
2331
2389
2439
2607
2608
6051
2629
2631
2670
2317
2748
2792
2860
3087
3141
3201
3696
3760
3774
3775
3782
3783
3828
3845
3946
4071
4190
4222
4223
4278
4291
4310
4312
4326
4416
4464
7192
4491
4637
4492
4508
4509
4543
7240
4603
4893
4988
4997
5106
5107
5371
5372
5965
5389
5444
4337
5446
5619
5748
4916
5799
5800
5814
4948
5831
5845
5886
5942
5952
6017
6066
6067
6095
6096
6101
6115
6116
6117
6128
6129
6143
6205
7084
6247
6277
6301
6370
7305
6430
7770
6443
6444
6470
6481
1237
6490
6492
6522
6551
6560
6586
6631
6636
6648
6657
6772
6774
6807
6841
6002
6893
6907
7806
7145
7168
8124
7181
8064
7185
7188
7216
8096
7217
7237
7279
7280
7298
7997
7340
6518
7393
7411
7472
7609
7629
7630
7646
7649
7726
7727
7749
7752
7776
7804
7927
7300
7957
7961
6394
8011
8066
8116
8122
8123
8250
8271
11576
8363
8965
8372
8375
8969
8376
8417
8418
8420
8443
8471
9391
8508
8510
8952
8521
9254
8529
9369
8558
8599
8646
9380
8663
8682
8685
9340
8687
8708
8733
8747
8759
8762
8763
8816
8833
8835
8840
8967
11963
8968
8976
9830
9105
11880
9115
9171
9213
9240
9242
9263
9264
10184
9305
9348
9356
9373
9393
9394
9413
9419
9446
9457
9473
9474
14485
9498
12237
9507
10331
9512
9515
10918
9527
14517
9530
9531
9542
9552
9613
9621
9667
9685
9699
9807
9814
9829
9840
9842
9847
9915
9947
9952
9974
9975
9976
8523
9978
10002
10003
10027
10049
10086
10235
10295
10320
10325
10344
10399
11013
10420
10441
10501
10528
10603
10629
10639
10662
10664
10674
10917
10708
10125
10770
10805
10897
10901
10906
10953
12332
10958
10963
11143
11886
11161
11442
11472
11526
11549
11615
11629
11630
11672
11722
11802
11934
12033
12058
12064
12069
12089
8231
12118
10386
12131
12155
12157
12161
12192
12265
12279
12307
12360
12389
12392
12543
12644
12718
12748
12957
12968
12997
13001
13061
13081
13126
13214
13329
13346
13353
13354
13389
13403
13448
13476
13526
14205
13548
13561
13563
13600
13607
10421
13626
13631
13650
13673
13674
13690
13765
13770
13782
13793
13805
13914
13930
13949
14042
14116
14122
14156
14203
14242
14245
14260
11564
14286
14317
14346
13709
14354
13659
14376
14440
14480
14489
14545
14559
14611
14617
14618
14661
14677
14701
14764
498
3314
2883
3138
6018
7313
9114
11370
12766
13227
13383
82
716
349
350
737
765
766
853
924
927
971
1264
1310
1382
2051
2052
3644
2991
3186
3661
4266
3221
4378
4379
4401
4422
4458
4513
4567
4728
4949
5058
5360
5498
5671
5758
5759
5857
5859
5873
6061
6342
6476
6577
7070
7175
7468
7492
7633
7665
7687
8070
8170
8229
10059
8442
8519
9606
9709
9852
9929
9930
10469
12214
12680
12704
13144
13216
13271
13618
13937
14309
57
92
167
191
371
395
521
522
530
539
544
610
668
669
732
1783
836
900
973
977
1004
1176
1391
1434
1446
1474
2136
1483
1508
1658
1924
1960
1961
2193
2197
2212
2213
2216
3622
2240
2269
2309
2318
2428
2522
2583
2651
2659
2660
2666
2759
2765
2840
2882
2885
2936
2998
3116
3117
3123
3204
3213
3241
2606
3272
3281
3288
3357
3358
3359
3411
3535
3776
3808
3813
3814
3831
3905
3908
4026
4036
4097
4351
4372
4417
4482
4568
4638
4655
4896
4966
4987
4993
5017
5018
5024
4304
5025
5028
5263
5278
5299
5349
5404
5405
5503
4305
5542
5543
5551
5554
5555
5637
5692
5727
5899
5976
6089
6181
6291
6341
6366
6367
8151
6453
6506
6513
6523
6555
6762
6763
6767
6889
6895
6913
7037
7039
7702
7041
7042
7043
7053
7180
7194
7201
7314
7343
7422
7450
7820
7453
7483
7647
7769
7815
7858
7873
7944
7945
7976
8063
8125
8203
8211
8338
8351
8357
8360
8377
8378
8641
9811
8642
8651
8653
8659
8730
8731
8739
8800
8801
8805
8806
8809
12146
8941
8942
8944
9035
9036
9037
9072
9099
9101
9102
9113
9151
9165
9166
9189
9287
9290
9366
9372
9461
9494
9496
9595
9603
9625
9648
9659
9661
9696
9799
9800
9860
9940
9944
9945
10007
10014
10067
10090
10107
9313
10128
10135
10189
10314
10434
10446
10470
10509
10569
10621
10633
10686
10725
10849
10644
10853
10861
11034
11074
11104
11149
11158
11260
11276
11337
11343
11417
11666
11926
12079
12119
12168
12287
12308
12381
12385
12482
12519
13553
12614
12689
12824
12865
12898
12922
13141
13188
13301
13379
13416
13451
13510
13542
13633
13702
13796
13812
13826
13928
13989
13994
14008
14010
14082
14146
14179
14201
14232
14264
14553
5
1801
3501
3734
4267
5267
7399
6516
6967
7977
8255
8560
8706
9568
10212
11014
13636
656
3127
1745
2030
2529
2699
3080
3662
5306
6300
7514
7666
7693
7694
7860
7987
8263
10254
10707
10776
11968
12790
12978
13701
14043
14734
3052
3384
6296
6299
9359
10455
10561
11598
11606
12556
13231
14094
14562
14581
659
858
867
1999
2525
2698
2717
2728
3379
3521
5938
6302
6304
6412
6684
6964
7116
6810
7531
7538
7704
7814
7843
6307
8146
8556
9182
9216
9217
9591
9592
9810
11036
11156
11202
11274
11482
11537
12348
12533
12633
12647
12694
12941
13712
13827
13901
14000
14021
14159
14420
14768
165
369
1752
2601
6119
6122
6190
6463
6467
6756
7064
7118
7200
7398
7401
7402
7930
8088
8149
8430
8531
9959
10816
11957
12620
12770
13282
13534
13590
13672
14778
2752
4941
8431
10106
12347
12772
13211
2589
4636
5298
7239
8150
8168
9735
13511
13576
14368
4065
4719
4940
5297
6720
8581
9881
11558
12365
